/workspaces/hateu/workspace/Program.cs(139,35): warning CS8602: Dereference of a possibly null reference. [/workspaces/hateu/workspace/hateu.csproj]
/workspaces/hateu/workspace/Program.cs(148,39): warning CS8602: Dereference of a possibly null reference. [/workspaces/hateu/workspace/hateu.csproj]
hello world
======start======
1 1 8 1 1 8 
8 1 0 1 1 1 
0 1 0 0 1 9 
9 1 1 1 9 1 
2 1 1 2 1 2 
0 0 0 0 2 1 
==============
a : (0, 2)
======working======
1 8 8 8 1 8 
8 1 0 1 1 1 
0 1 0 0 1 9 
9 1 1 1 9 1 
2 1 1 2 1 2 
0 0 0 0 2 1 
==============
a : (0, 5)
======working======
1 8 8 8 8 8 
8 1 0 1 1 8 
0 1 0 0 1 9 
9 1 1 1 9 1 
2 1 1 2 1 2 
0 0 0 0 2 1 
==============
a : (1, 0)
======working======
8 8 8 8 8 8 
8 8 0 1 1 8 
0 1 0 0 1 9 
9 1 1 1 9 1 
2 1 1 2 1 2 
0 0 0 0 2 1 
==============
ans : 0
======start======
1 1 8 1 1 8 
9 1 0 1 1 1 
0 1 0 0 1 8 
9 1 1 1 9 1 
2 1 1 2 1 2 
0 0 0 0 2 1 
==============
a : (0, 2)
======working======
1 8 8 8 1 8 
9 1 0 1 1 1 
0 1 0 0 1 8 
9 1 1 1 9 1 
2 1 1 2 1 2 
0 0 0 0 2 1 
==============
a : (0, 5)
======working======
1 8 8 8 8 8 
9 1 0 1 1 8 
0 1 0 0 1 8 
9 1 1 1 9 1 
2 1 1 2 1 2 
0 0 0 0 2 1 
==============
a : (1, 0)
======working======
9 8 8 8 8 8 
9 9 0 1 1 8 
0 1 0 0 1 8 
9 1 1 1 9 1 
2 1 1 2 1 2 
0 0 0 0 2 1 
==============
a : (2, 5)
======working======
9 8 8 8 8 8 
9 9 0 1 1 8 
0 1 0 0 8 8 
9 1 1 1 9 8 
2 1 1 2 1 2 
0 0 0 0 2 1 
==============
ans : 0
======start======
1 1 8 1 1 8 
9 1 0 1 1 1 
0 1 0 0 1 9 
8 1 1 1 9 1 
2 1 1 2 1 2 
0 0 0 0 2 1 
==============
a : (0, 2)
======working======
1 8 8 8 1 8 
9 1 0 1 1 1 
0 1 0 0 1 9 
8 1 1 1 9 1 
2 1 1 2 1 2 
0 0 0 0 2 1 
==============
a : (0, 5)
======working======
1 8 8 8 8 8 
9 1 0 1 1 8 
0 1 0 0 1 9 
8 1 1 1 9 1 
2 1 1 2 1 2 
0 0 0 0 2 1 
==============
a : (1, 0)
======working======
9 8 8 8 8 8 
9 9 0 1 1 8 
0 1 0 0 1 9 
8 1 1 1 9 1 
2 1 1 2 1 2 
0 0 0 0 2 1 
==============
a : (2, 5)
======working======
9 8 8 8 8 8 
9 9 0 1 1 5 
0 1 0 0 9 9 
8 1 1 1 9 9 
2 1 1 2 1 2 
0 0 0 0 2 1 
==============
a : (3, 0)
======working======
9 8 8 8 8 8 
9 9 0 1 1 5 
0 1 0 0 9 9 
8 8 1 1 9 9 
8 1 1 2 1 2 
0 0 0 0 2 1 
==============
ans : 1
======start======
1 1 8 1 1 8 
9 1 0 1 1 1 
0 1 0 0 1 9 
9 1 1 1 8 1 
2 1 1 2 1 2 
0 0 0 0 2 1 
==============
a : (0, 2)
======working======
1 8 8 8 1 8 
9 1 0 1 1 1 
0 1 0 0 1 9 
9 1 1 1 8 1 
2 1 1 2 1 2 
0 0 0 0 2 1 
==============
a : (0, 5)
======working======
1 8 8 8 8 8 
9 1 0 1 1 8 
0 1 0 0 1 9 
9 1 1 1 8 1 
2 1 1 2 1 2 
0 0 0 0 2 1 
==============
a : (1, 0)
======working======
9 8 8 8 8 8 
9 9 0 1 1 8 
0 1 0 0 1 9 
9 1 1 1 8 1 
2 1 1 2 1 2 
0 0 0 0 2 1 
==============
a : (2, 5)
======working======
9 8 8 8 8 8 
9 9 0 1 1 5 
0 1 0 0 9 9 
9 1 1 1 8 9 
2 1 1 2 1 2 
0 0 0 0 2 1 
==============
a : (3, 0)
======working======
9 8 8 8 8 8 
9 9 0 1 1 5 
0 1 0 0 9 9 
9 9 1 1 8 9 
9 1 1 2 1 2 
0 0 0 0 2 1 
==============
ans : 1
======start======
1 1 8 1 1 9 
8 1 0 1 1 1 
0 1 0 0 1 8 
9 1 1 1 9 1 
2 1 1 2 1 2 
0 0 0 0 2 1 
==============
a : (0, 2)
======working======
1 8 8 8 1 9 
8 1 0 1 1 1 
0 1 0 0 1 8 
9 1 1 1 9 1 
2 1 1 2 1 2 
0 0 0 0 2 1 
==============
a : (0, 5)
======working======
1 8 8 8 9 9 
8 1 0 1 1 9 
0 1 0 0 1 8 
9 1 1 1 9 1 
2 1 1 2 1 2 
0 0 0 0 2 1 
==============
a : (1, 0)
======working======
8 8 8 8 9 9 
8 8 0 1 1 9 
0 1 0 0 1 8 
9 1 1 1 9 1 
2 1 1 2 1 2 
0 0 0 0 2 1 
==============
a : (2, 5)
======working======
8 8 8 8 9 9 
8 8 0 1 1 5 
0 1 0 0 8 8 
9 1 1 1 9 8 
2 1 1 2 1 2 
0 0 0 0 2 1 
==============
ans : 1
======start======
1 1 8 1 1 9 
8 1 0 1 1 1 
0 1 0 0 1 9 
8 1 1 1 9 1 
2 1 1 2 1 2 
0 0 0 0 2 1 
==============
a : (0, 2)
======working======
1 8 8 8 1 9 
8 1 0 1 1 1 
0 1 0 0 1 9 
8 1 1 1 9 1 
2 1 1 2 1 2 
0 0 0 0 2 1 
==============
a : (0, 5)
======working======
1 8 8 8 9 9 
8 1 0 1 1 9 
0 1 0 0 1 9 
8 1 1 1 9 1 
2 1 1 2 1 2 
0 0 0 0 2 1 
==============
a : (1, 0)
======working======
8 8 8 8 9 9 
8 8 0 1 1 9 
0 1 0 0 1 9 
8 1 1 1 9 1 
2 1 1 2 1 2 
0 0 0 0 2 1 
==============
a : (2, 5)
======working======
8 8 8 8 9 9 
8 8 0 1 1 9 
0 1 0 0 9 9 
8 1 1 1 9 9 
2 1 1 2 1 2 
0 0 0 0 2 1 
==============
a : (3, 0)
======working======
8 8 8 8 9 9 
8 8 0 1 1 9 
0 1 0 0 9 9 
8 8 1 1 9 9 
8 1 1 2 1 2 
0 0 0 0 2 1 
==============
ans : 0
======start======
1 1 8 1 1 9 
8 1 0 1 1 1 
0 1 0 0 1 9 
9 1 1 1 8 1 
2 1 1 2 1 2 
0 0 0 0 2 1 
==============
a : (0, 2)
======working======
1 8 8 8 1 9 
8 1 0 1 1 1 
0 1 0 0 1 9 
9 1 1 1 8 1 
2 1 1 2 1 2 
0 0 0 0 2 1 
==============
a : (0, 5)
======working======
1 8 8 8 9 9 
8 1 0 1 1 9 
0 1 0 0 1 9 
9 1 1 1 8 1 
2 1 1 2 1 2 
0 0 0 0 2 1 
==============
a : (1, 0)
======working======
8 8 8 8 9 9 
8 8 0 1 1 9 
0 1 0 0 1 9 
9 1 1 1 8 1 
2 1 1 2 1 2 
0 0 0 0 2 1 
==============
a : (2, 5)
======working======
8 8 8 8 9 9 
8 8 0 1 1 9 
0 1 0 0 9 9 
9 1 1 1 8 9 
2 1 1 2 1 2 
0 0 0 0 2 1 
==============
a : (3, 0)
======working======
8 8 8 8 9 9 
8 8 0 1 1 9 
0 1 0 0 9 9 
9 9 1 1 8 9 
9 1 1 2 1 2 
0 0 0 0 2 1 
==============
ans : 0
======start======
1 1 8 1 1 9 
9 1 0 1 1 1 
0 1 0 0 1 8 
8 1 1 1 9 1 
2 1 1 2 1 2 
0 0 0 0 2 1 
==============
a : (0, 2)
======working======
1 8 8 8 1 9 
9 1 0 1 1 1 
0 1 0 0 1 8 
8 1 1 1 9 1 
2 1 1 2 1 2 
0 0 0 0 2 1 
==============
a : (0, 5)
======working======
1 8 8 8 9 9 
9 1 0 1 1 9 
0 1 0 0 1 8 
8 1 1 1 9 1 
2 1 1 2 1 2 
0 0 0 0 2 1 
==============
a : (1, 0)
======working======
9 8 8 8 9 9 
9 9 0 1 1 9 
0 1 0 0 1 8 
8 1 1 1 9 1 
2 1 1 2 1 2 
0 0 0 0 2 1 
==============
a : (2, 5)
======working======
9 8 8 8 9 9 
9 9 0 1 1 5 
0 1 0 0 8 8 
8 1 1 1 9 8 
2 1 1 2 1 2 
0 0 0 0 2 1 
==============
a : (3, 0)
======working======
9 8 8 8 9 9 
9 9 0 1 1 5 
0 1 0 0 8 8 
8 8 1 1 9 8 
8 1 1 2 1 2 
0 0 0 0 2 1 
==============
ans : 1
======start======
1 1 8 1 1 9 
9 1 0 1 1 1 
0 1 0 0 1 8 
9 1 1 1 8 1 
2 1 1 2 1 2 
0 0 0 0 2 1 
==============
a : (0, 2)
======working======
1 8 8 8 1 9 
9 1 0 1 1 1 
0 1 0 0 1 8 
9 1 1 1 8 1 
2 1 1 2 1 2 
0 0 0 0 2 1 
==============
a : (0, 5)
======working======
1 8 8 8 9 9 
9 1 0 1 1 9 
0 1 0 0 1 8 
9 1 1 1 8 1 
2 1 1 2 1 2 
0 0 0 0 2 1 
==============
a : (1, 0)
======working======
9 8 8 8 9 9 
9 9 0 1 1 9 
0 1 0 0 1 8 
9 1 1 1 8 1 
2 1 1 2 1 2 
0 0 0 0 2 1 
==============
a : (2, 5)
======working======
9 8 8 8 9 9 
9 9 0 1 1 5 
0 1 0 0 8 8 
9 1 1 1 8 8 
2 1 1 2 1 2 
0 0 0 0 2 1 
==============
a : (3, 0)
======working======
9 8 8 8 9 9 
9 9 0 1 1 5 
0 1 0 0 8 8 
9 9 1 1 8 8 
9 1 1 2 1 2 
0 0 0 0 2 1 
==============
ans : 1
======start======
1 1 8 1 1 9 
9 1 0 1 1 1 
0 1 0 0 1 9 
8 1 1 1 8 1 
2 1 1 2 1 2 
0 0 0 0 2 1 
==============
a : (0, 2)
======working======
1 8 8 8 1 9 
9 1 0 1 1 1 
0 1 0 0 1 9 
8 1 1 1 8 1 
2 1 1 2 1 2 
0 0 0 0 2 1 
==============
a : (0, 5)
======working======
1 8 8 8 9 9 
9 1 0 1 1 9 
0 1 0 0 1 9 
8 1 1 1 8 1 
2 1 1 2 1 2 
0 0 0 0 2 1 
==============
a : (1, 0)
======working======
9 8 8 8 9 9 
9 9 0 1 1 9 
0 1 0 0 1 9 
8 1 1 1 8 1 
2 1 1 2 1 2 
0 0 0 0 2 1 
==============
a : (2, 5)
======working======
9 8 8 8 9 9 
9 9 0 1 1 9 
0 1 0 0 9 9 
8 1 1 1 8 9 
2 1 1 2 1 2 
0 0 0 0 2 1 
==============
ans : 0
======start======
1 1 9 1 1 8 
8 1 0 1 1 1 
0 1 0 0 1 8 
9 1 1 1 9 1 
2 1 1 2 1 2 
0 0 0 0 2 1 
==============
a : (0, 2)
======working======
1 9 9 9 1 8 
8 1 0 1 1 1 
0 1 0 0 1 8 
9 1 1 1 9 1 
2 1 1 2 1 2 
0 0 0 0 2 1 
==============
a : (0, 5)
======working======
1 9 9 9 8 8 
8 1 0 1 1 8 
0 1 0 0 1 8 
9 1 1 1 9 1 
2 1 1 2 1 2 
0 0 0 0 2 1 
==============
a : (1, 0)
======working======
8 9 9 9 8 8 
8 8 0 1 1 8 
0 1 0 0 1 8 
9 1 1 1 9 1 
2 1 1 2 1 2 
0 0 0 0 2 1 
==============
a : (2, 5)
======working======
8 9 9 9 8 8 
8 8 0 1 1 8 
0 1 0 0 8 8 
9 1 1 1 9 8 
2 1 1 2 1 2 
0 0 0 0 2 1 
==============
ans : 0
======start======
1 1 9 1 1 8 
8 1 0 1 1 1 
0 1 0 0 1 9 
8 1 1 1 9 1 
2 1 1 2 1 2 
0 0 0 0 2 1 
==============
a : (0, 2)
======working======
1 9 9 9 1 8 
8 1 0 1 1 1 
0 1 0 0 1 9 
8 1 1 1 9 1 
2 1 1 2 1 2 
0 0 0 0 2 1 
==============
a : (0, 5)
======working======
1 9 9 9 8 8 
8 1 0 1 1 8 
0 1 0 0 1 9 
8 1 1 1 9 1 
2 1 1 2 1 2 
0 0 0 0 2 1 
==============
a : (1, 0)
======working======
8 9 9 9 8 8 
8 8 0 1 1 8 
0 1 0 0 1 9 
8 1 1 1 9 1 
2 1 1 2 1 2 
0 0 0 0 2 1 
==============
a : (2, 5)
======working======
8 9 9 9 8 8 
8 8 0 1 1 5 
0 1 0 0 9 9 
8 1 1 1 9 9 
2 1 1 2 1 2 
0 0 0 0 2 1 
==============
a : (3, 0)
======working======
8 9 9 9 8 8 
8 8 0 1 1 5 
0 1 0 0 9 9 
8 8 1 1 9 9 
8 1 1 2 1 2 
0 0 0 0 2 1 
==============
ans : 1
======start======
1 1 9 1 1 8 
8 1 0 1 1 1 
0 1 0 0 1 9 
9 1 1 1 8 1 
2 1 1 2 1 2 
0 0 0 0 2 1 
==============
a : (0, 2)
======working======
1 9 9 9 1 8 
8 1 0 1 1 1 
0 1 0 0 1 9 
9 1 1 1 8 1 
2 1 1 2 1 2 
0 0 0 0 2 1 
==============
a : (0, 5)
======working======
1 9 9 9 8 8 
8 1 0 1 1 8 
0 1 0 0 1 9 
9 1 1 1 8 1 
2 1 1 2 1 2 
0 0 0 0 2 1 
==============
a : (1, 0)
======working======
8 9 9 9 8 8 
8 8 0 1 1 8 
0 1 0 0 1 9 
9 1 1 1 8 1 
2 1 1 2 1 2 
0 0 0 0 2 1 
==============
a : (2, 5)
======working======
8 9 9 9 8 8 
8 8 0 1 1 5 
0 1 0 0 9 9 
9 1 1 1 8 9 
2 1 1 2 1 2 
0 0 0 0 2 1 
==============
a : (3, 0)
======working======
8 9 9 9 8 8 
8 8 0 1 1 5 
0 1 0 0 9 9 
9 9 1 1 8 9 
9 1 1 2 1 2 
0 0 0 0 2 1 
==============
ans : 1
======start======
1 1 9 1 1 8 
9 1 0 1 1 1 
0 1 0 0 1 8 
8 1 1 1 9 1 
2 1 1 2 1 2 
0 0 0 0 2 1 
==============
a : (0, 2)
======working======
1 9 9 9 1 8 
9 1 0 1 1 1 
0 1 0 0 1 8 
8 1 1 1 9 1 
2 1 1 2 1 2 
0 0 0 0 2 1 
==============
a : (0, 5)
======working======
1 9 9 9 8 8 
9 1 0 1 1 8 
0 1 0 0 1 8 
8 1 1 1 9 1 
2 1 1 2 1 2 
0 0 0 0 2 1 
==============
a : (1, 0)
======working======
9 9 9 9 8 8 
9 9 0 1 1 8 
0 1 0 0 1 8 
8 1 1 1 9 1 
2 1 1 2 1 2 
0 0 0 0 2 1 
==============
a : (2, 5)
======working======
9 9 9 9 8 8 
9 9 0 1 1 8 
0 1 0 0 8 8 
8 1 1 1 9 8 
2 1 1 2 1 2 
0 0 0 0 2 1 
==============
a : (3, 0)
======working======
9 9 9 9 8 8 
9 9 0 1 1 8 
0 1 0 0 8 8 
8 8 1 1 9 8 
8 1 1 2 1 2 
0 0 0 0 2 1 
==============
ans : 0
======start======
1 1 9 1 1 8 
9 1 0 1 1 1 
0 1 0 0 1 8 
9 1 1 1 8 1 
2 1 1 2 1 2 
0 0 0 0 2 1 
==============
a : (0, 2)
======working======
1 9 9 9 1 8 
9 1 0 1 1 1 
0 1 0 0 1 8 
9 1 1 1 8 1 
2 1 1 2 1 2 
0 0 0 0 2 1 
==============
a : (0, 5)
======working======
1 9 9 9 8 8 
9 1 0 1 1 8 
0 1 0 0 1 8 
9 1 1 1 8 1 
2 1 1 2 1 2 
0 0 0 0 2 1 
==============
a : (1, 0)
======working======
9 9 9 9 8 8 
9 9 0 1 1 8 
0 1 0 0 1 8 
9 1 1 1 8 1 
2 1 1 2 1 2 
0 0 0 0 2 1 
==============
a : (2, 5)
======working======
9 9 9 9 8 8 
9 9 0 1 1 8 
0 1 0 0 8 8 
9 1 1 1 8 8 
2 1 1 2 1 2 
0 0 0 0 2 1 
==============
a : (3, 0)
======working======
9 9 9 9 8 8 
9 9 0 1 1 8 
0 1 0 0 8 8 
9 9 1 1 8 8 
9 1 1 2 1 2 
0 0 0 0 2 1 
==============
ans : 0
======start======
1 1 9 1 1 8 
9 1 0 1 1 1 
0 1 0 0 1 9 
8 1 1 1 8 1 
2 1 1 2 1 2 
0 0 0 0 2 1 
==============
a : (0, 2)
======working======
1 9 9 9 1 8 
9 1 0 1 1 1 
0 1 0 0 1 9 
8 1 1 1 8 1 
2 1 1 2 1 2 
0 0 0 0 2 1 
==============
a : (0, 5)
======working======
1 9 9 9 8 8 
9 1 0 1 1 8 
0 1 0 0 1 9 
8 1 1 1 8 1 
2 1 1 2 1 2 
0 0 0 0 2 1 
==============
a : (1, 0)
======working======
9 9 9 9 8 8 
9 9 0 1 1 8 
0 1 0 0 1 9 
8 1 1 1 8 1 
2 1 1 2 1 2 
0 0 0 0 2 1 
==============
a : (2, 5)
======working======
9 9 9 9 8 8 
9 9 0 1 1 5 
0 1 0 0 9 9 
8 1 1 1 8 9 
2 1 1 2 1 2 
0 0 0 0 2 1 
==============
ans : 1
======start======
1 1 9 1 1 9 
8 1 0 1 1 1 
0 1 0 0 1 8 
8 1 1 1 9 1 
2 1 1 2 1 2 
0 0 0 0 2 1 
==============
a : (0, 2)
======working======
1 9 9 9 1 9 
8 1 0 1 1 1 
0 1 0 0 1 8 
8 1 1 1 9 1 
2 1 1 2 1 2 
0 0 0 0 2 1 
==============
a : (0, 5)
======working======
1 9 9 9 9 9 
8 1 0 1 1 9 
0 1 0 0 1 8 
8 1 1 1 9 1 
2 1 1 2 1 2 
0 0 0 0 2 1 
==============
a : (1, 0)
======working======
8 9 9 9 9 9 
8 8 0 1 1 9 
0 1 0 0 1 8 
8 1 1 1 9 1 
2 1 1 2 1 2 
0 0 0 0 2 1 
==============
a : (2, 5)
======working======
8 9 9 9 9 9 
8 8 0 1 1 5 
0 1 0 0 8 8 
8 1 1 1 9 8 
2 1 1 2 1 2 
0 0 0 0 2 1 
==============
a : (3, 0)
======working======
8 9 9 9 9 9 
8 8 0 1 1 5 
0 1 0 0 8 8 
8 8 1 1 9 8 
8 1 1 2 1 2 
0 0 0 0 2 1 
==============
ans : 1
======start======
1 1 9 1 1 9 
8 1 0 1 1 1 
0 1 0 0 1 8 
9 1 1 1 8 1 
2 1 1 2 1 2 
0 0 0 0 2 1 
==============
a : (0, 2)
======working======
1 9 9 9 1 9 
8 1 0 1 1 1 
0 1 0 0 1 8 
9 1 1 1 8 1 
2 1 1 2 1 2 
0 0 0 0 2 1 
==============
a : (0, 5)
======working======
1 9 9 9 9 9 
8 1 0 1 1 9 
0 1 0 0 1 8 
9 1 1 1 8 1 
2 1 1 2 1 2 
0 0 0 0 2 1 
==============
a : (1, 0)
======working======
8 9 9 9 9 9 
8 8 0 1 1 9 
0 1 0 0 1 8 
9 1 1 1 8 1 
2 1 1 2 1 2 
0 0 0 0 2 1 
==============
a : (2, 5)
======working======
8 9 9 9 9 9 
8 8 0 1 1 5 
0 1 0 0 8 8 
9 1 1 1 8 8 
2 1 1 2 1 2 
0 0 0 0 2 1 
==============
a : (3, 0)
======working======
8 9 9 9 9 9 
8 8 0 1 1 5 
0 1 0 0 8 8 
9 9 1 1 8 8 
9 1 1 2 1 2 
0 0 0 0 2 1 
==============
ans : 1
======start======
1 1 9 1 1 9 
8 1 0 1 1 1 
0 1 0 0 1 9 
8 1 1 1 8 1 
2 1 1 2 1 2 
0 0 0 0 2 1 
==============
a : (0, 2)
======working======
1 9 9 9 1 9 
8 1 0 1 1 1 
0 1 0 0 1 9 
8 1 1 1 8 1 
2 1 1 2 1 2 
0 0 0 0 2 1 
==============
a : (0, 5)
======working======
1 9 9 9 9 9 
8 1 0 1 1 9 
0 1 0 0 1 9 
8 1 1 1 8 1 
2 1 1 2 1 2 
0 0 0 0 2 1 
==============
a : (1, 0)
======working======
8 9 9 9 9 9 
8 8 0 1 1 9 
0 1 0 0 1 9 
8 1 1 1 8 1 
2 1 1 2 1 2 
0 0 0 0 2 1 
==============
a : (2, 5)
======working======
8 9 9 9 9 9 
8 8 0 1 1 9 
0 1 0 0 9 9 
8 1 1 1 8 9 
2 1 1 2 1 2 
0 0 0 0 2 1 
==============
ans : 0
======start======
1 1 9 1 1 9 
9 1 0 1 1 1 
0 1 0 0 1 8 
8 1 1 1 8 1 
2 1 1 2 1 2 
0 0 0 0 2 1 
==============
a : (0, 2)
======working======
1 9 9 9 1 9 
9 1 0 1 1 1 
0 1 0 0 1 8 
8 1 1 1 8 1 
2 1 1 2 1 2 
0 0 0 0 2 1 
==============
a : (0, 5)
======working======
1 9 9 9 9 9 
9 1 0 1 1 9 
0 1 0 0 1 8 
8 1 1 1 8 1 
2 1 1 2 1 2 
0 0 0 0 2 1 
==============
a : (1, 0)
======working======
9 9 9 9 9 9 
9 9 0 1 1 9 
0 1 0 0 1 8 
8 1 1 1 8 1 
2 1 1 2 1 2 
0 0 0 0 2 1 
==============
ans : 0
